-34284.52162911574
-34380.56802041967
-34395.794748495675
-34422.65980620407
-34460.89464231257
-34503.867631699075
-34550.780592764626
-34604.83542608834
-34668.65715652738
-34739.460398567855
-34808.099501335404
-34863.959086095085
-34901.83621690537
-34923.795569189926
-34934.77752822677
-34938.32645929048
-34935.991069481985
-34928.66595224398
-34917.720446085004
-34905.287132997604
-34893.92332576763
-34885.963394682716
-34882.88052214035
-34884.97257683926
-34891.48080860378
-34900.98386970967
-34911.8362566445
-34922.51494579252
-34931.845520664174
-34939.1225206083
-34944.12646920619
-34947.02084327389
-34948.14547942813
-34947.81492681465
-34946.27268312817
-34943.829285716994
-34941.01455028358
-34938.540173469344
-34937.05655745916
-34936.88543039286
-34937.92124425758
-34939.75047837202
-34941.888194442
-34943.97419347393
-34945.82567224866
-34947.36347979083
-34948.5176706962
-34949.20302154149
-34949.36861828467
-34949.06002428933
-34948.43481954998
-34947.7175882906
-34947.122811181376
-34946.78859605675
-34946.75112013513
-34946.963322951895
-34947.338661983624
-34947.7926291045
-34948.262596819186
-34948.70381050174
-34949.07537472292
-34949.33483821496
-34949.44991301508
-34949.41855868844
-34949.278873422685
-34949.097069691656
-34948.93940636676
-34948.846628166764
-34948.82653642351
-34948.86533635901
-34948.944834309455
-34949.0513917464
-34949.1731586146
-34949.29362657186
-34949.39143945465
-34949.44842062177
-34949.45900375146
-34949.432963317726
-34949.389421612985
-34949.34702073912
-34949.31708024267
-34949.3029908866
-34949.30389950621
-34949.31823490369
-34949.34421525238
-34949.378093865314
-34949.4131277852
-34949.441299308746
-34949.456911962785
-34949.45922799023
-34949.45209262278
-34949.441078395204
-34949.43056334048
-34949.422728456426
-34949.41842297319
-34949.41828504455
-34949.4227766312
-34949.43132247265
-34949.441814188234
-34949.45132100061
