-10622.720695848353
-10623.79705996216
-10624.947510127195
-10626.181015430528
-10627.307095624525
-10628.043737320537
-10628.2433947062
-10628.055039440456
-10627.754348398483
-10627.501055936349
-10627.334488619734
-10627.248495762515
-10627.229913237654
-10627.268852312558
-10627.358972299298
-10627.494701876747
-10627.66711863461
-10627.859277163834
-10628.043108245643
-10628.182122032242
-10628.243813793324
-10628.218598888116
-10628.130874827266
-10628.028513443951
-10627.957578866994
-10627.942963476553
-10627.984247940043
-10628.061785358454
-10628.146784680806
-10628.212439269042
-10628.243313434974
-10628.239211898017
-10628.211898002719
-10628.177612249681
-10628.150328386255
-10628.138372281392
-10628.143945697706
-10628.164075841793
-10628.1921079696
-10628.219630413625
-10628.238907343562
-10628.245439630897
-10628.239635114522
-10628.226517264127
-10628.21334415582
-10628.20631948082
-10628.208106369813
-10628.217236891564
-10628.229400328626
-10628.239740837904
