-5295.669565217521
-5303.274010913986
-5310.795644716911
-5318.301016028483
-5325.850467601893
-5333.497072097792
-5341.285657255021
-5349.2518726582675
-5357.421270646826
-5365.8083979614785
-5374.415919740389
-5383.2338209287855
-5392.238750394432
-5401.3935889460645
-5410.64733323082
-5419.935392437493
-5429.180393169196
-5438.293579084551
-5447.1768752514945
-5455.725661884835
-5463.832267400916
-5471.390145467828
-5478.298643732383
-5484.4682021163
-5489.825736051273
-5494.319867673188
-5497.9255741424295
-5500.647743463888
-5502.523090820792
-5503.6199264575735
-5504.035412266256
-5503.890213886001
-5503.320827614898
-5502.470269011921
-5501.478147708948
-5500.471313212952
-5499.556176674504
-5498.8135087760065
-5498.296073317409
-5498.029003798437
-5498.012473730202
-5498.226006598577
-5498.633718228826
-5499.189844938637
-5499.8440352025145
-5500.546027403676
-5501.2494737616435
-5501.9147877985315
-5502.510987114967
-5503.016577101553
-5503.419577793896
-5503.716837570128
-5503.912804451998
-5504.017938191499
-5504.046944063604
-5504.016993380302
-5503.946068714985
-5503.85153749703
-5503.749020459099
-5503.651585650671
-5503.569267705248
-5503.5088877755325
-5503.47413268157
-5503.46584190677
-5503.482446999795
-5503.520508311271
-5503.575297496361
-5503.641379788777
-5503.713156955253
-5503.785339599721
-5503.853325805683
-5503.9134717489105
-5503.963248616784
-5504.001288589132
-5504.027330332074
-5504.042080943549
-5504.047016094892
-5504.044142865972
-5504.035750276174
-5504.024170801675
-5504.011572511603
-5503.999796333019
-5503.990246992722
-5503.98384006541
-5503.981001929766
-5503.98171482736
-5503.98559599207
-5503.991998131103
-5504.000118360721
-5504.009103836658
-5504.018144460959
-5504.026545821125
-5504.033778541201
-5504.0395031491125
-5504.043572108047
-5504.046012626437
-5504.046995147763
-5504.046793012024
-5504.045738733087
-5504.044181762047
